2.73
2.85
2.94
2.94
3.05
3.17
3.18
3.24
3.24
3.25
3.25
3.26
3.31
3.33
3.34
3.34
3.41
3.45
3.45
3.47
3.48
3.48
3.52
3.55
3.58
3.58
3.6
3.65
3.67
3.69
3.71
3.77
3.81
3.93
3.94
3.96
4.01
4.04
4.04
4.04
4.06
4.07
4.08
4.08
4.1
4.1
4.15
4.18
4.18
4.18
4.19
4.19
4.19
4.19
4.22
4.22
4.22
4.24
4.25
4.25
4.27
4.27
4.3
4.3
4.3
4.32
4.32
4.32
4.32
4.34
4.34
4.34
4.34
4.34
4.35
4.37
4.37
4.37
4.37
4.37
4.37
4.37
4.38
4.38
4.38
4.38
4.38
4.39
4.4
4.4
4.41
4.41
4.41
4.42
4.42
4.44
4.44
4.45
4.46
4.46
4.46
4.46
4.46
4.46
4.46
4.47
4.47
4.48
4.48
4.5
4.5
4.51
4.51
4.52
4.53
4.53
4.54
4.54
4.54
4.57
4.57
4.57
4.57
4.59
4.59
4.59
4.59
4.59
4.6
4.6
4.61
4.61
4.61
4.64
4.65
4.65
4.65
4.65
4.65
4.66
4.68
4.7
4.71
4.71
4.72
4.73
4.73
4.74
4.74
4.74
4.75
4.75
4.75
4.77
4.77
4.77
4.79
4.79
4.79
4.8
4.81
4.82
4.82
4.82
4.84
4.84
4.84
4.85
4.86
4.86
4.87
4.87
4.88
4.88
4.9
4.92
4.92
4.93
4.93
4.95
4.95
4.95
4.97
4.97
4.97
4.97
4.98
4.98
5.01
5.01
5.01
5.02
5.04
5.04
5.04
5.05
5.06
5.06
5.07
5.08
5.08
5.08
5.1
5.1
5.11
5.11
5.11
5.12
5.13
5.14
5.14
5.15
5.15
5.17
5.18
5.18
5.18
5.18
5.18
5.18
5.19
5.19
5.19
5.2
5.2
5.2
5.2
5.24
5.24
5.24
5.25
5.25
5.25
5.26
5.27
5.27
5.28
5.28
5.3
5.3
5.3
5.3
5.3
5.3
5.31
5.31
5.31
5.32
5.32
5.32
5.32
5.32
5.32
5.33
5.33
5.33
5.33
5.34
5.35
5.35
5.37
5.37
5.38
5.38
5.38
5.38
5.39
5.4
5.41
5.41
5.41
5.45
5.46
5.47
5.48
5.5
5.51
5.51
5.51
5.51
5.51
5.52
5.53
5.54
5.54
5.54
5.54
5.57
5.57
5.57
5.58
5.58
5.58
5.59
5.59
5.61
5.61
5.62
5.62
5.64
5.65
5.65
5.67
5.68
5.68
5.71
5.73
5.73
5.75
5.77
5.78
5.78
5.79
5.79
5.8
5.8
5.81
5.81
5.82
5.84
5.84
5.86
5.86
5.87
5.9
5.92
5.94
6.0
6.01
6.01
6.02
6.04
6.07
6.07
6.08
6.1
6.15
6.17
6.18
6.19
6.19
6.2
6.21
6.21
6.22
6.23
6.24
6.24
6.25
6.25
6.25
6.26
6.26
6.28
6.28
6.28
6.31
6.34
6.34
6.35
6.37
6.4
6.44
6.45
6.46
6.47
6.48
6.48
6.48
6.5
6.5
6.5
6.51
6.53
6.55
6.57
6.57
6.58
6.6
6.61
6.63
6.64
6.64
6.68
6.7
6.78
6.8
6.81
6.82
6.85
6.85
6.87
6.87
6.88
6.89
6.91
7.01
7.04
7.05
7.06
7.06
7.07
7.09
7.11
7.12
7.12
7.18
7.21
7.21
7.24
7.25
7.28
7.3
7.31
7.32
7.35
7.38
7.43
7.44
7.45
7.45
7.46
7.48
7.48
7.51
7.51
7.53
7.53
7.54
7.57
7.58
7.6
7.6
7.63
7.64
7.68
7.68
7.68
7.68
7.68
7.68
7.73
7.74
7.75
7.75
7.84
7.84
7.85
7.86
7.87
7.88
7.88
7.9
7.91
7.91
7.92
7.92
7.93
7.93
7.95
7.95
8.0
8.01
8.03
8.04
8.04
8.04
8.05
8.05
8.06
8.06
8.06
8.08
8.08
8.1
8.1
8.1
8.12
8.12
8.12
8.12
8.12
8.13
8.14
8.14
8.14
8.15
8.17
8.17
8.17
8.18
8.19
8.2
8.21
8.23
8.23
8.24
8.25
8.26
8.26
8.26
8.26
8.27
8.27
8.3
8.32
8.33
8.34
8.35
8.35
8.37
8.39
8.39
8.41
8.41
8.41
8.43
8.44
8.45
8.45
8.46
8.46
8.47
8.48
8.48
8.5
8.5
8.5
8.51
8.53
8.53
8.53
8.55
8.55
8.57
8.59
8.6
8.6
8.6
8.63
8.64
8.64
8.65
8.66
8.67
8.67
8.67
8.68
8.7
8.72
8.76
8.78
8.79
8.79
8.8
8.8
8.8
8.8
8.83
8.83
8.83
8.83
8.83
8.85
8.85
8.86
8.87
8.87
8.87
8.87
8.88
8.9
8.91
8.92
8.92
8.93
8.94
8.95
8.97
8.97
8.98
9.01
9.03
9.03
9.03
9.04
9.04
9.04
9.05
9.05
9.06
9.06
9.06
9.07
9.07
9.1
9.1
9.1
9.11
9.12
9.13
9.14
9.17
9.17
9.17
9.18
9.19
9.2
9.2
9.2
9.21
9.23
9.23
9.25
9.26
9.26
9.26
9.26
9.27
9.27
9.28
9.28
9.3
9.3
9.3
9.3
9.31
9.31
9.31
9.32
9.32
9.32
9.32
9.33
9.34
9.36
9.36
9.37
9.38
9.43
9.43
9.43
9.43
9.46
9.47
9.47
9.47
9.48
9.48
9.51
9.52
9.54
9.55
9.56
9.56
9.56
9.57
9.58
9.58
9.59
9.59
9.63
9.63
9.64
9.64
9.67
9.67
9.68
9.72
9.72
9.73
9.73
9.73
9.75
9.76
9.78
9.8
9.8
9.8
9.81
9.81
9.83
9.84
9.84
9.86
9.87
9.89
9.89
9.93
9.94
9.94
9.95
9.96
9.97
9.98
9.98
9.99
10.03
10.08
10.09
10.12
10.16
10.18
10.18
10.19
10.2
10.21
10.21
10.21
10.23
10.24
10.25
10.26
10.28
10.3
10.31
10.39
10.39
10.39
10.53
10.54
10.55
10.58
10.58
10.58
10.61
10.63
10.65
10.67
10.67
10.69
10.73
10.74
10.8
10.83
10.92
10.98
11.02
11.04
11.07
11.1
11.2
11.23
11.23
11.25
11.31
11.32
11.33
11.37
11.43
11.44
11.48
11.48
11.51
11.54
11.56
11.61
11.71
11.74
11.75
11.77
11.81
11.83
11.85
11.88
11.89
11.89
11.89
11.92
11.99
12.1
12.1
12.1
12.11
12.15
12.22
12.24
12.26
12.27
12.28
12.3
12.31
12.35
12.37
12.39
12.4
12.46
12.5
12.6
12.62
12.65
12.67
12.67
12.67
12.69
12.77
12.81
12.82
12.9
12.91
13.0
13.02
13.04
13.04
13.06
13.07
13.1
13.12
13.19
13.32
13.4
13.49
13.49
13.66
13.76
13.87
13.87
13.9
13.93
13.94
13.97
14.09
14.1
14.21
14.28
14.3
14.33
14.33
14.34
14.37
14.55
14.6
14.69
14.69
14.7
14.75
14.76
14.77
14.78
14.78
14.82
14.83
14.83
14.84
14.86
14.88
14.89
14.89
14.91
15.03
15.06
15.09
15.09
15.13
15.16
15.19
15.21
15.22
15.27
15.29
15.29
15.36
15.4
15.45
15.46
15.49
15.51
15.56
15.64
15.76
15.77
15.8
15.84
15.86
15.87
15.89
15.94
15.98
16.03
16.05
16.11
16.15
16.19
16.25
16.42
16.5
16.54
16.57
16.62
16.68
16.74
16.82
16.88
16.89
16.94
17.01
17.04
17.06
17.06
17.2
17.21
17.32
17.33
17.35
17.36
17.38
17.46
17.53
17.53
17.53
17.59
17.7
17.84
17.92
18.02
18.05
18.07
18.09
18.11
18.25
18.43
18.44
18.58
18.66
18.7
18.74
19.02
19.08
19.16
19.4
19.75
19.78
19.83
19.87
20.0
20.58
20.78
20.79
21.06
21.17
21.21
21.4
21.52
21.55
21.6
21.63
21.71
21.92
21.93
21.93
22.0
22.71
22.89
23.06
23.07
23.15
23.27
23.36
23.41
23.48
23.73
23.74
23.75
23.81
23.94
23.94
23.95
23.97
24.19
24.26
24.29
24.38
24.39
24.5
24.71
24.78
24.83
24.84
24.86
24.99
25.03
25.08
25.18
25.28
25.43
25.46
25.46
25.66
25.86
25.99
26.02
26.04
26.15
26.18
26.57
27.63
27.99
28.48
28.73
28.96
30.1
30.13
30.73
31.3
31.45
32.18
33.44
34.97
35.6
36.5
36.79
37.6
37.76
39.78
40.33
40.35
41.12
41.24
41.26
42.11
42.11
42.34
42.43
42.69
43.47
43.7
43.98
44.03
44.15
44.34
44.43
44.75
44.95
45.05
45.37
45.43
45.76
45.84
45.98
46.24
46.27
46.44
46.54
46.78
46.84
47.49
47.55
47.7
48.05
48.49
48.51
48.78
48.96
50.95
52.5
53.49
53.73
54.77
54.81
55.02
55.22
55.47
55.62
55.63
55.73
55.78
55.84
56.16
56.17
56.51
56.8
56.97
57.0
57.05
57.1
57.23
57.26
57.46
57.96
58.0
58.03
58.52
59.06
59.4
59.72
59.74
60.04
62.17
62.64
62.99
64.12
65.06
65.44
65.62
65.67
65.83
65.92
66.5
67.07
67.26
67.79
68.0
68.05
68.12
68.76
69.07
69.07
69.44
70.11
70.14
70.22
70.29
70.98
71.08
71.74
71.74
72.56
72.62
72.85
73.03
74.17
75.59
75.72
76.03
76.06
76.45
77.13
77.39
77.81
77.92
78.8
79.31
79.94
80.1
80.24
80.65
80.72
80.99
81.33
82.0
82.58
83.22
83.41
83.78
83.96
84.28
84.37
84.45
84.67
84.72
84.85
84.91
85.04
85.44
85.71
85.84
85.95
86.06
86.12
86.49
86.75
86.78
86.83
87.16
87.36
87.97
88.57
88.65
88.7
88.82
88.88
88.98
89.09
89.28
89.38
89.42
89.67
89.79
90.05
90.07
90.1
90.25
90.31
90.75
90.96
91.11
91.39
91.43
91.6
91.73
92.15
92.4
92.46
92.49
92.59
92.66
92.69
92.71
92.78
93.01
93.32
93.45
93.49
93.74
93.82
94.18
94.28
94.49
94.51
94.71
94.71
94.78
95.04
95.3
95.52
95.66
95.67
95.81
96.11
96.11
96.21
96.23
96.86
97.11
97.19
97.24
97.29
97.41
97.44
97.66
97.75
97.87
98.11
98.23
98.76
99.0
99.05
99.14
99.17
99.29
99.3
99.4
99.6
99.71
99.72
99.73
100.1
100.2
100.3
100.5
100.6
100.6
100.6
101.0
101.1
101.2
101.2
101.3
101.3
101.5
101.6
101.7
101.8
101.9
101.9
102.0
102.0
102.1
102.7
103.0
103.0
103.3
103.3
103.7
103.8
103.8
103.8
103.9
103.9
104.2
104.5
104.6
104.7
104.7
104.8
105.2
105.4
105.5
105.6
105.8
106.5
107.2
107.2
107.4
107.7
107.7
107.7
107.8
108.0
108.6
108.8
109.4
109.4
109.6
109.7
109.7
109.8
110.3
110.8
110.9
111.0
112.4
114.2
114.5
114.6
115.1
115.3
116.3
116.4
117.3
117.5
118.3
118.4
119.8
119.8
122.4
122.9
123.5
123.8
126.5
128.4
129.1
129.6
130.2
131.7
132.3
132.7
133.0
133.2
133.5
134.4
135.7
138.1
139.4
144.3
146.8
151.1
151.9
153.1
156.6
157.3
157.4
157.6
157.7
162.4
164.1
164.4
164.4
164.5
164.8
165.2
166.1
166.3
166.4
166.4
167.0
167.2
167.7
171.6
179.4
180.6
180.9
184.1
184.9
186.2
188.3
188.9
192.5
197.5
207.3
208.2
219.4
232.3
237.4
238.0
238.3
238.5
240.2
241.0
245.0
245.0
245.1
245.3
248.6
250.5
256.1
258.1
262.6
263.7
264.5
265.7
268.0
269.1
270.7
271.0
276.5
277.4
280.2
280.9
285.4
289.1
289.3
292.5
292.7
294.0
301.4
302.3
307.12
310.1
313.9
315.29
315.41
318.7
323.7
325.49
328.75
329.4
330.45
330.75
331.9
338.18
338.46
339.97
340.2
346.6
347.3
347.4
348.6
350.25
360.03
360.39
362.26
372.28
377.99
378.29
379.68
380.23
385.92
386.88
387.2
388.51
389.4
407.36
407.41
408.27
412.5
412.56
414.81
415.05
416.08
417.93
418.48
422.84
435.23
435.64
441.7
443.08
445.25
447.23
447.29
448.06
450.16
450.9
451.4
454.13
454.83
455.19
459.24
461.01
462.89
463.81
463.81
463.9
464.24
465.25
465.95
466.96
471.58
472.99
481.92
493.15
507.91
523.81
539.35
557.37
559.11
578.77
582.92
595.53
614.42
614.57
644.07
647.07
647.17
649.54
661.23
662.68
668.5
674.88
701.46
735.67
743.25
757.13
763.93
766.22
792.16
798.39
805.23
833.09
837.03
846.63
848.15
854.63
865.58
867.81
876.29
877.56
883.04
890.03
895.84
899.18
902.41
903.59
909.93
912.55
921.91
925.29
927.24
935.96
937.02
938.92
940.38
951.16
962.37
963.36
968.8
988.0
989.53
992.54
1014.02
1019.44
1020.64
1023.74
1032.47
1038.73
1044.64
1049.9
1074.62
1076.59
1076.83
1079.25
1080.64
1088.94
1100.67
1102.78
1105.85
1108.39
1108.42
1111.93
1112.2
1117.21
1117.66
1123.98
1129.68
1132.52
1132.76
1133.36
1140.21
1143.36
1144.43
1144.93
1153.79
1156.58
1164.43
1168.94
1178.28
1178.5
1181.41
1185.85
1189.84
1190.05
1191.96
1194.9
1199.21
1199.63
1202.25
1204.45
1216.95
1222.24
1224.27
1225.92
1237.37
1238.71
1246.58
1248.77
1253.17
1257.33
1260.24
1262.07
1270.37
1276.65
1278.73
1281.47
1281.66
1287.15
1290.01
1293.74
1300.01
1302.17
1305.75
1316.94
1317.74
1318.17
1322.55
1327.49
1330.93
1332.07
1334.76
1335.63
1341.25
1354.87
1363.38
1370.47
1378.04
1378.76
1380.99
1388.64
1388.87
1390.14
1391.0
1403.22
1406.95
1416.42
1418.48
1424.16
1425.59
1428.68
1442.21
1444.8
1454.62
1461.36
1461.96
1463.39
1463.64
1468.05
1473.0
1479.22
1485.46
1497.12
1511.14
1514.19
1520.71
1539.66

